gauge_ID,lat,lon
PI_357693.1,-33.96305553730064,115.12597631216349
A4261155,-35.61879404135788,139.283803834557
A4261156,-35.449258144617666,139.14902371941932
418.1,-41.980582988287146,146.9238907279321
155.1,-41.85370565687612,146.53054796533834
141012A,-26.78362712155243,152.99405613264392
ODSS_18337_WSLAHD.1,-16.314509273884656,128.7628973360581
ODSS_18337_WSLAHD.1,-15.908442783299911,128.73356923651482
143234A,-27.42774294929696,152.44469217139806
212211.1,-34.41389082263472,150.67737879897132
212211.3,-34.41389082263472,150.67737879897132
604.1,-41.389400191470536,146.21655577100418
41010904,-34.884100954086705,146.83957950936608
410102,-35.47765041298367,148.26054021920297
219027,-36.482151022294524,149.72596025607157
167.1,-42.194290225018584,146.48729521671973
298.1,-42.11965208755642,145.65804347238458
421078,-32.67982159566211,149.1785529856309
410131,-34.96497578294678,148.72071179059793
422212B,-27.823386991266347,148.65509499424732
BARKERSCREEK,-36.96548953873892,144.27829996106428
138121A,-26.7099114908003,152.8715466572103
SAWBARS.1,-34.65229566329133,138.84828298193665
130104A,-23.368158057154677,148.8136200525486
410717,-35.457612702644965,148.82442746876995
410717,-35.45668242193041,148.82322721214223
143228A,-27.62986629316202,152.37360965173139
130106A,-23.08084771197832,149.02229603048946
136210A,-26.345030731360843,152.00790787692972
136316A,-26.132760184629337,151.4232128470303
RE670,-37.60218771817856,144.17668317040832
135008A,-24.88676128438165,152.07112360497936
4222008A,-28.047130449888204,148.74774598629924
120016A,-20.68744144200103,146.97420434762265
136005A,-24.927563629176284,152.2315073172111
412106,-33.61021368116184,149.18208666673422
412106,-33.59752130785957,149.20754355952073
228263A,-37.96138518271378,145.41900909851728
412107,-33.28709301053777,146.40937667020575
592.1,-42.43777268106588,146.561562240083
625.1,-41.525403960714,146.12682041354944
419069,-31.3572116277885,151.1272296796085
573.1,-42.51076022577368,146.67264352476496
219033,-36.56792899531608,149.45409855436094
418035,-29.916065249302854,150.978289010525
sp-o10138,-37.046679301215434,143.99271662187354
130314C,-24.355382229809084,150.64193249037447
136115A,-24.630839187189675,150.97991034682678
PI_230028.1,-32.169941842910205,116.14321763896957
212232.1,-34.29080761819705,150.82792347297732
212232.3,-34.29080761819705,150.82792347297732
138012A,-26.215089195419363,152.7937369279075
M309,-32.23207948061313,151.67269459236863
D3,-32.23207948061313,151.67269459236863
422358B,-26.801403357274953,150.59375839484557
PI_230044.1,-32.15325723815287,116.08186910049346
143235A,-27.504529113293135,152.3489949704185
143235A,-27.499000979408716,152.3543623223994
136003C,-25.617167072502983,151.55928439285117
69,-27.38254435532644,151.9444276790434
416409A,-28.44222993713943,151.23352288330187
141011A,-26.54608981981574,152.87873740487063
212220.3,-34.36971749688178,150.77358642798046
212220.1,-34.36971749688178,150.77358642798046
410742,-35.55542502395931,148.8312539960979
410704,-35.316773094228516,148.92914773906196
70,-27.260901958681764,152.1900692354846
DAM_MARDI.1,-33.29677410686719,151.39034522305687
401224A,-36.596969582918625,147.59035178490623
179.1,-42.2622943705699,146.59421261577629
228264A,-38.28948791127116,145.10462439403017
G8150011,-12.860550329892485,131.0053796367144
130305A,-24.965411812760617,150.07254293612752
130338A,-25.478176620400177,150.01001425980346
DOCK,-36.7731372777209,142.29635351135266
ODSS_58804_WSLAHD.1,-32.857273951910976,115.95289527610848
176.1,-42.15650083638078,146.6422737009942
sp-o10334,-37.16223066332908,145.9658190871287
143047A,-27.446246157944874,152.92004863508288
120211A,-21.156156234173597,148.39969010565818
130216A,-23.693270501211618,147.99821970940138
215235.1,-34.64215615181254,150.49802895439095
215235.3,-34.64215615181254,150.49802895439095
135009A,-24.814947966567292,151.79291284311842
613.1,-41.47772451011232,146.06894012928157
210097,-32.063059766082226,151.01177139508567
416315A,-28.941916807626026,151.45393234675103
210117,-32.33974638002247,151.27851711882772
41010922,-34.62040093990939,146.26435965645265
646.1,-42.716758404193385,146.17130446632703
139.2,-41.88386079044821,146.7422756823814
229407A,-37.62905498968226,144.902199093858
401570,-36.300589734865696,148.31939889297064
119007A,-19.52123871812199,147.1135161094821
PI_342969.1,-33.498171468429035,116.1003287011949
143048A,-27.458893111460444,152.8777237684041
CHWGONR,-37.54465840912044,143.93465099761386
410748,-35.441364078245975,149.26642690884174
sp-o10438,-36.72914647908248,145.17476414421725
M316,-32.738671298907235,151.81182557328657
D13,-32.738671298907235,151.81182557328657
212285.3,-33.655947007695175,150.3074831408691
212285.1,-33.655947007695175,150.3074831408691
GREEN,-36.79287040753322,142.29281010008478
sp-o10454,-36.435338183618754,144.83418677261471
410788,-35.189582157599176,149.10899003620952
222537,-36.38087798438869,148.3669482148868
130354A,-25.295642190906154,150.1695650272677
130354A,-25.256538378620522,150.17850907358218
41010928,-34.522366295625844,144.71333590537043
286.1,-41.87931576741115,145.5507614659755
A5040547.1,-34.852516857126076,138.68454933386786
409011,-36.08285617994699,147.15027805002688
SAWHAPVRS.1,-35.072233869389585,138.57218359188298
PI_13770.1,-21.01243197381241,117.11602266686153
PI_342971.1,-33.21231387846318,116.14127952031333
PI_342988.1,-33.08000764950713,115.95595474855806
146033A,-28.07630935420829,153.28036052532224
41200211,-33.480854308773324,145.96913935746664
222539,-36.318950437368464,148.47146512232197
422214A,-28.00889880424422,148.61854862751588
136120A,-25.244582744081693,151.15642437052824
410573,-35.578781996473616,148.29809136799423
913015A,-20.17733888700805,139.72462255194588
419041,-30.83339607081604,150.52125468979023
128.1,-42.22995276676497,146.2309120806978
SAWKACKRS.1,-34.86360714169576,138.78579920326783
130,-23.003069269797574,150.69190748977417
RES_BEEWKFS,-36.367602223108904,146.7406768016825
126004A,-21.20658938037952,148.8824477991517
136121A,-25.299278958136348,151.0631085211492
135010B,-24.728046261779102,152.17604574065192
RE690,-37.502588084678415,144.14453633375425
130360A,-24.421044359776186,150.78330000032975
410765,-35.22932585186934,149.07105625166977
425021,-32.275317538716344,142.4577895616457
A4261061,-33.990969023292614,141.27569667855585
425020,-32.29372480571053,142.58205223085997
425023,-32.472913342085064,142.22838782631308
425022,-32.342073559486025,142.328468564745
232220A,-37.51001775248238,144.01854920219148
232222A,-37.65965943756632,144.0636964895518
211.1,-42.17130310002392,146.30927770221743
579.1,-42.3110371504702,146.46554500957245
236.1,-41.99943891303572,146.60172307601883
210102,-32.33294042192858,151.44240399385262
sp-o10606,-36.844911857594866,143.87244563840733
63,-24.12139333813598,151.27017447120184
BATYO_CATYO,-36.51557078378622,142.9391396389067
LAKE_BELLFIELD,-37.19306334702348,142.55080705040774
sp-o10109,-36.730874253646256,146.6594563705928
sp-o10350,-36.885491915545494,144.55878607242263
222538,-36.08500577158266,148.70672351699486
LAKE_FYANS,-37.13779766259387,142.6228729354119
222540,-36.37440063146142,148.62560832033373
142108A,-27.238274655924265,152.9568861833685
LAKE_LONSDALE,-37.0288864600765,142.62819355238508
138122A,-26.392226565653722,152.93866619905572
143049A,-27.480713269329677,152.76347153853234
212284.1,-33.658725776639066,150.297037240462
212284.3,-33.658725776639066,150.297037240462
sp-o10806,-36.45705159510553,146.09154718106714
sp-o10930,-36.88446999335252,146.0025060721685
9575,-18.94626955517371,146.15602772284936
410784,-35.40866536029704,149.06894300207043
sp-o11590,-36.92444869188024,146.39027663310216
LAURISTON,-37.26287882823213,144.38627082100888
137303A,-25.41047945486639,152.52299562952672
422315B,-28.240397705255834,151.90329483900246
145035A,-27.541401353101303,153.17164085013025
146034A,-28.153736108656105,153.28377559352228
SAWLPRS.1,-34.74598349253515,138.72795485930357
145034A,-27.94715571108467,152.9541039326909
ODSS_18317_WSLAHD.1,-32.99773835937642,115.97434901228895
RES_BENWLOR,-36.72174511959956,146.2230520565294
212282.3,-33.68516714563614,150.30473900359348
212282.1,-33.68516714563614,150.30473900359348
629.1,-41.675715751494955,146.39082499280084
656.1,-41.70151318279002,145.67933483914754
206036,-30.275024752158718,151.73960876968303
370.1,-41.99119509508639,145.58856909992377
41010941,-34.48056823708785,144.30714740336987
407333A,-37.27947397650531,143.65436621507186
565.1,-42.56611453417927,146.78084122422013
A5040520.1,-34.825336432228475,138.81624469451447
232217A,-37.50933002198016,144.08377480374114
657.1,-41.83344095578489,145.69191120526636
MALMSBURY,-37.21306225107771,144.37123414562427
PI_342996.1,-34.27934429052103,116.04563993991076
125003A,-21.14664099340445,148.88575832646802
145021A,-28.190359589078273,152.64518786446826
138013B,-25.62715200544585,152.61393206577483
RES_BENWMSR,-36.79323850922196,146.21217715272408
MCCAY,-37.0915514186922,144.30048895256786
212281.3,-33.68981751661118,150.30263593392843
212281.1,-33.68981751661118,150.30263593392843
125008A,-21.20219754519232,148.81975979843443
PI_359775.1,-15.617404448957656,128.10612634050221
143111A,-28.04647009422524,152.5402253265695
4222007A,-27.981465312378603,148.71699221008834
MOORA,-37.231098695084754,142.42566878841197
130351A,-24.607274409953398,149.97555119381877
130350B,-24.624116640134407,149.94677839601803
SAWMTBORS.1,-35.114660328084824,138.7057992508146
MT_COLE,-37.282414835604726,143.20590308720784
ODSS_12030_STAMN.1,-31.987218889858596,116.21356591630651
401571,-36.24161199753997,148.18575134502558
SAWMYPRS.1,-35.398139681351395,138.43804419758993
296.1,-41.91462490840488,145.56081640257403
136023A,-25.083942228619286,152.02659538514854
212205.3,-34.3579581849756,150.59738434635108
212205.1,-34.3579581849756,150.59738434635108
130304B,-24.186963021003805,149.8091521468685
ODSS_45533_WSLAHD.1,-32.04539454483597,116.07341574082814
sp-o10926,-37.40875302405373,144.00727372241445
132,-23.640304591236074,150.40703324269512
PI_14564.1,-32.515591128738855,116.02839403148062
142801A,-27.262502387179087,152.8945089392875
421189,-33.7271187235938,149.84190814125068
229111A,-37.67262162953508,145.80750240905292
627.1,-41.30815104509373,146.24930128358847
594.1,-41.650005892927865,146.22765595824484
648.1,-42.92194529760049,146.17504629365365
508.1,-42.0930944727647,146.7682157323757
742.1,-41.76331667863431,145.2894812536842
416030,-29.385048987513045,151.2705888611835
171.1,-42.08498958402066,146.4845757350958
294.1,-41.88767491647744,145.61533979564246
136024A,-25.360902973107613,151.82789863143657
71,-27.299358506745968,152.12348477110987
122010A,-20.37275776155558,148.3400225204887
PINE,-36.782352221423544,142.3497029421029
141013A,-26.59582908520418,152.9101488979809
213240.1,-33.8206765820855,150.89291806528104
213240.3,-33.8206765820855,150.89291806528104
PI_427.1,-34.898760253618356,117.38509817828202
A4260902,-34.326756747841756,139.61789295271484
A4260518,-34.08705908136824,139.94637078384724
A4260516,-34.19233833232664,140.36200727983328
A4260512,-34.18271289046128,140.7737823279971
580.1,-42.49144330050793,146.62732193062067
658.1,-41.73646827102935,145.5885375387504
562.1,-41.77538389394679,146.211334954062
ROCKLANDS,-37.25223141742319,142.074436001624
532020A,-19.453869700761928,146.78253234950913
NLUP.NLR3TK05,-42.80092482123569,147.33352435044432
SRR3.SRR3TK01,-42.80092482123569,147.33352435044432
HDR6.HDR6TK06,-42.80092482123569,147.33352435044432
WRD1.WRD1DS01,-42.80092482123569,147.33352435044432
HMD1.HMD1DS01,-42.80092482123569,147.33352435044432
WDR24.WDR2TK04,-42.80092482123569,147.33352435044432
NLST.NLR2TK06,-42.80092482123569,147.33352435044432
HBR4.HBR4TK01,-42.80092482123569,147.33352435044432
LFSTE.LFSTE21,-42.80092482123569,147.33352435044432
RBD1.RBD1DS01,-42.80092482123569,147.33352435044432
LFR6.LFR6TK01,-42.80092482123569,147.33352435044432
WR.WRSTK07,-42.80092482123569,147.33352435044432
CRR1T.CRR1TK01,-42.80092482123569,147.33352435044432
CSR9.CSR9TK09,-42.80092482123569,147.33352435044432
LFR2.LFR2TK02,-42.80092482123569,147.33352435044432
WDR2.WDR2TK01,-42.80092482123569,147.33352435044432
GOD2.GOD2DS07,-42.80092482123569,147.33352435044432
HDR2.HDR2TK01,-42.80092482123569,147.33352435044432
NLD1DS.NLD1DS01LE01,-42.80092482123569,147.33352435044432
NLR1.NLR1TK01,-42.80092482123569,147.33352435044432
FGD1.FGD1DS01,-42.80092482123569,147.33352435044432
CSR5.CSR5TK04,-42.80092482123569,147.33352435044432
GOD1.GOD1DS01,-42.80092482123569,147.33352435044432
GOD3.GOD3DS09,-42.80092482123569,147.33352435044432
HDR1.HDR1TK01,-42.80092482123569,147.33352435044432
LFD1.LFD1DS01,-42.80092482123569,147.33352435044432
LFR9.LFR9TK10,-42.80092482123569,147.33352435044432
520.1,-41.992832891810544,146.73930018853042
229405A,-37.84264586298935,145.41321851454256
A5050516.1,-34.697242086432375,138.86482105584275
419080,-30.525485782764527,150.69348468491904
407334A,-37.25190706286193,143.63805811644164
229607A,-37.672015168559675,145.30546667448777
ODSS_18326_WSLAHD.1,-32.88194828507392,116.03069856758084
SANDHURST,-36.845863310624495,144.24395588466143
ODSS_57568_WSLAHD.1,-32.38759190857212,116.07461627935021
PI_238185.1,-32.421355736788094,116.13626726432476
143305A,-27.0279711209187,152.58132060512008
PI_13881.1,-32.66645906075101,116.08602357055032
SPRINGGULLY,-36.80553039396205,144.2787400268229
131.1,-42.11303217444513,146.21154277066518
131.1,-42.06767294425191,146.16781398201553
PI_321984.1,-33.108990851325885,116.04430823148013
401569,-36.23604209877003,148.11592206165025
228224A,-37.999383264848596,145.92406900429677
418043,-29.450546168852696,150.04135614354715
553.1,-42.30612603681355,146.414242511556
225256A,-37.78048870150701,146.36391198472046
41010971,-34.64783095714866,146.15184138159518
203042,-28.60544293489792,152.77034922480584
158.1,-41.456918096976445,147.07204227563105
170.1,-42.27659973569951,146.46828136153863
410572A,-35.688543231341505,148.32126933299458
215212.3,-34.75511942192928,150.35355992184927
215212.1,-34.75511942192928,150.35355992184927
410543,-35.745842844869095,148.6591187125928
130109A,-22.935628415305,149.41722525947444
TAYLORS,-36.783436899772425,142.38361438566585
125015A,-21.200739573440636,148.6544905834017
145033A,-27.92474327080567,152.84544668858132
138008A,-25.571684097336387,152.71334611851472
110014A,-17.192912907133902,145.58263722073633
TOOLONDO,-37.01444086900867,141.94824723642415
401565,-36.06211280134489,148.27054627397004
sp-o11430,-35.947789334100406,144.47786156756476
sp-o11454,-37.12268734568156,143.86180912518924
410545,-35.93261875078704,148.36167377696384
410542,-35.96760757487302,148.40722035063425
212283.3,-33.69558041051156,150.29948267274432
212283.1,-33.69558041051156,150.29948267274432
UPPERCOLIBAN,-37.29016776383033,144.40095288802934
RE604,-37.81835304591356,144.20363450185346
RE604,-37.827875427827124,144.20310094369728
RE604,-37.8201800561068,144.19214489331952
sp-o11534,-36.55521837642095,145.09679129423787
229130A,-37.63415248421112,145.56416204585742
190.1,-42.394918101989525,146.51150025296076
295.1,-41.8927589890333,145.5302636446737
421148,-32.777211525377865,149.81262722058753
462.1,-42.08089493114142,147.00295574392715
412010,-33.961501205168034,149.00194140844184
141014A,-26.56948239080594,152.9189163500819
PI_321994.1,-32.84749357131308,115.99507055891745
212243.3,-34.00256030299414,150.40324793668293
212243.1,-34.00256030299414,150.40324793668293
SAWWARRRS.1,-34.70550366716471,138.9260930772413
WARTOOK,-37.075909640311124,142.45302220834606
1392,-16.988423599520683,145.6820966336414
PI_321995.1,-33.383833489400374,116.00946948764667
RE750,-38.54689340610333,143.71610327120155
RE851,-38.603083902269844,143.65220832934452
233232A,-37.513508281388525,143.92067323399988
212212.1,-34.555770270356916,150.49573751722838
212212.3,-34.555770270356916,150.49573751722838
143036A,-27.287505567022073,152.5504857332484
213210.1,-34.13095772914472,150.93810543951756
213210.3,-34.13095772914472,150.93810543951756
PI_342931.1,-32.21624482943158,116.07678193717643
RE704,-38.285312719941196,144.03994594849107
136113A,-25.162945807891834,150.97830718433224
229406A,-37.5552790223655,145.13789210136116
229102A,-37.68742713934322,145.92625931141038
138112A,-26.520656191404917,152.5592649328434
sp-o10814,-36.00046028814236,146.0715797108663
410791,-35.17638117250014,149.13119209679004
