gauge_ID,Area_calc
PI_357693.1,294155.753
A4261155,186449002.0
A4261156,623034682.0
418.1,64173533.4
155.1,11668817.8
141012A,3397842.71
ODSS_18337_WSLAHD.1,100799.877
ODSS_18337_WSLAHD.1,1004587240.0
ODSS_18337_WSLAHD.1,683756.251
ODSS_18337_WSLAHD.1,364812.829
ODSS_18337_WSLAHD.1,15195256.2
ODSS_18337_WSLAHD.1,100799.877
ODSS_18337_WSLAHD.1,1004587240.0
ODSS_18337_WSLAHD.1,683756.251
ODSS_18337_WSLAHD.1,364812.829
ODSS_18337_WSLAHD.1,15195256.2
143234A,5619105.04
212211.1,9458511.9
212211.3,9458511.9
604.1,6871268.43
41010904,144028.433
410102,849.688234
410102,6864.90816
410102,42387237.0
219027,85986.5675
219027,922426.731
167.1,1798997.47
167.1,6283634.54
167.1,5163213.94
298.1,48865949.4
421078,84063105.6
410131,40393.0346
410131,48727640.7
410131,16193.931
410131,15701.8736
422212B,194972.522
422212B,138363.971
422212B,38772.3275
422212B,25087484.3
BARKERSCREEK,477200.758
138121A,3900566.48
SAWBARS.1,581089.242
SAWBARS.1,753719.643
SAWBARS.1,610767.441
SAWBARS.1,327458.93
SAWBARS.1,152267.667
130104A,1318892.17
410717,708471.735
410717,10325.2325
410717,708471.735
410717,10325.2325
143228A,986085.797
130106A,359594.527
136210A,319081.965
136210A,12985363.5
136210A,1965569.49
136210A,471412.582
136316A,14484819.3
RE670,968571.814
135008A,1066102.26
4222008A,345639.351
4222008A,1744588.94
120016A,2287.62116
120016A,264791867.0
120016A,49683.9891
120016A,50550.1283
120016A,21244.5373
120016A,365014.514
136005A,6021927.96
412106,166048.915
412106,58948.9379
412106,145097.773
412106,917627.254
412106,1694766.05
412106,761955.287
412106,12805.4832
412106,332638.043
412106,1906.72922
412106,3757614.7
412106,166048.915
412106,58948.9379
412106,145097.773
412106,917627.254
412106,1694766.05
412106,761955.287
412106,12805.4832
412106,332638.043
412106,1906.72922
412106,3757614.7
228263A,12901497.8
412107,17638352.3
412107,29731.0825
412107,2157.36164
412107,583498.155
412107,6028.77487
412107,47478.7786
412107,8972.64529
412107,65510.8434
592.1,1794861.04
625.1,4541421.52
419069,1106342.61
419069,37884.2776
419069,5716411.69
573.1,803874.815
219033,204555.523
418035,46316424.3
418035,375216.554
418035,875.810143
sp-o10138,17589754.0
130314C,10492599.3
136115A,5740335.41
PI_230028.1,5069236.32
212232.1,8587244.19
212232.3,8587244.19
138012A,195403.725
M309,1414300.21
M309,591111.487
M309,307961.284
D3,1414300.21
D3,591111.487
D3,307961.284
422358B,495958.141
422358B,1508044.61
PI_230044.1,264590.956
143235A,3233622.93
143235A,9558.70398
143235A,3233622.93
143235A,9558.70398
136003C,1481333.55
69,2730161.19
416409A,14910745.6
141011A,1693346.61
212220.3,7762256.94
212220.1,7762256.94
410742,2810379.25
410704,412116.172
70,4846321.7
DAM_MARDI.1,653681.678
401224A,48706371.3
401224A,2575657.92
401224A,151138.515
401224A,285778.956
401224A,133797.855
179.1,6429065.81
228264A,2328737.88
G8150011,2452877.85
G8150011,42357115.6
G8150011,4349518.59
130305A,574413.544
130338A,1153560.66
DOCK,1703311.62
ODSS_58804_WSLAHD.1,169024.612
ODSS_58804_WSLAHD.1,443592.572
ODSS_58804_WSLAHD.1,270895.108
176.1,40179671.8
sp-o10334,133545843.0
143047A,677436.27
120211A,8572778.29
130216A,127323.86
130216A,2690384.44
130216A,149914780.0
130216A,3085.32862
130216A,560217.107
215235.1,196704.211
215235.1,4743650.63
215235.3,196704.211
215235.3,4743650.63
135009A,47198.3928
135009A,51745161.2
613.1,379022.136
613.1,626302.009
613.1,918996.293
210097,4739608.05
210097,23587576.2
416315A,13023247.2
210117,11419622.9
210117,14820888.0
41010922,221847.201
646.1,271512506.0
139.2,169590869.0
229407A,1645623.22
401570,601059.415
119007A,308356.959
PI_342969.1,441557.301
PI_342969.1,395069.077
143048A,225821.35
CHWGONR,253431.725
410748,5937121.44
sp-o10438,3649432.93
M316,24578467.7
D13,24578467.7
212285.3,47590.4889
212285.1,47590.4889
GREEN,1688188.34
GREEN,64872.0122
sp-o10454,7111145.66
sp-o10454,245611.263
410788,253902.059
222537,205183.23
130354A,291125.081
130354A,1022273.86
130354A,1192706.55
130354A,291125.081
130354A,1022273.86
130354A,1192706.55
41010928,177271.065
286.1,31921.0636
A5040547.1,575706.713
A5040547.1,100724.242
409011,194173897.0
409011,29833.7626
SAWHAPVRS.1,1752574.91
PI_13770.1,12242482.1
PI_13770.1,15244621.0
PI_342971.1,9317910.45
PI_342988.1,4507544.61
146033A,14771950.9
41200211,65043845.8
222539,326148.083
422214A,439337.941
422214A,2264550.5
136120A,446105.686
410573,2829530.36
913015A,1203705.61
913015A,57020.6638
913015A,192798.556
913015A,21250.3385
913015A,44898.6085
913015A,135547.337
913015A,134871.612
913015A,17457427.4
913015A,27458.9146
913015A,529233.965
913015A,12373406.4
913015A,239678.263
913015A,316863.709
913015A,256021.593
913015A,411564.953
913015A,22767.2113
913015A,117454.224
913015A,174438.717
913015A,1774237.41
913015A,175084.836
913015A,27319.5097
419041,42838981.0
419041,181184.785
419041,36866.8802
128.1,41719118.4
SAWKACKRS.1,1103664.48
SAWKACKRS.1,105892.96
130,203698.327
RES_BEEWKFS,214748.853
RES_BEEWKFS,140663.145
126004A,8624933.76
136121A,2681688.02
135010B,3015996.28
RE690,632050.454
130360A,2089424.56
410765,1040714.95
410765,6220719.81
425021,67789674.2
A4261061,112709861.0
425020,30500879.9
425023,93090495.9
425023,1415537.15
425023,7043.77813
425023,134681.953
425022,156676810.0
425022,7866169.01
425022,81573.7526
232220A,270561.736
232222A,3366188.19
211.1,3340545.23
579.1,173228.77
236.1,2291456.5
210102,2174199.05
sp-o10606,1714030.56
sp-o10606,25633.8358
sp-o10606,224250.148
63,64344377.6
BATYO_CATYO,1923223.68
BATYO_CATYO,29596.0588
BATYO_CATYO,135052.553
BATYO_CATYO,48427.6408
BATYO_CATYO,129059.161
BATYO_CATYO,343555.449
BATYO_CATYO,166472.977
LAKE_BELLFIELD,4729455.63
sp-o10109,3014382.14
sp-o10109,146329.789
sp-o10350,31030630.5
222538,3577.07367
222538,137569815.0
LAKE_FYANS,4339988.57
LAKE_FYANS,2985528.68
222540,26431068.4
222540,555518.833
222540,178797.691
222540,63422.265
142108A,3296341.39
LAKE_LONSDALE,22262196.8
138122A,2242922.72
143049A,1026.30781
143049A,2793432.37
143049A,220700.392
212284.1,1265582.65
212284.1,1771015.34
212284.1,50964.7561
212284.3,1265582.65
212284.3,1771015.34
212284.3,50964.7561
sp-o10806,76078136.6
sp-o10930,5156878.86
9575,2395885.22
9575,30697.4448
9575,173429.233
410784,602562.261
sp-o11590,1089917.22
LAURISTON,2074410.31
137303A,7917479.36
422315B,12275867.6
422315B,520379.667
422315B,866856.706
145035A,4184747.05
146034A,1965708.93
146034A,68098.5083
146034A,506735.407
146034A,90119.9472
SAWLPRS.1,1564984.3
145034A,1027231.14
ODSS_18317_WSLAHD.1,1631814.03
RES_BENWLOR,151910.773
212282.3,162406.995
212282.3,38955.8409
212282.1,162406.995
212282.1,38955.8409
629.1,2944517.23
656.1,30019599.2
656.1,476716.13
656.1,287814.567
656.1,246684.634
656.1,2664035.04
206036,347866.909
206036,211799.117
206036,1686106.87
206036,1029.66105
206036,3415.40242
206036,2202.41447
206036,398721.233
206036,2794.04029
206036,1034.67589
206036,1795.88262
206036,4222.4931
206036,755.211574
206036,3930.53832
206036,1382.67366
206036,5331.64803
206036,1481.64504
206036,2993.75709
206036,3519.26367
206036,5992.11928
206036,5108.29316
206036,2974.32165
206036,1279.91939
206036,3627.67979
206036,3185.34976
206036,5558.61681
206036,5579.28777
206036,3656.36898
206036,2804.2279
206036,2951.60485
370.1,1584259.09
41010941,141348.775
41010941,5577.08295
407333A,23110985.9
407333A,224921.024
407333A,4947673.52
407333A,572995.505
565.1,5942725.97
A5040520.1,1708830.07
232217A,1455720.77
657.1,4374888.46
MALMSBURY,2992043.64
PI_342996.1,249296.717
PI_342996.1,55183.0926
125003A,1544632.18
145021A,3053384.24
138013B,1283147.61
RES_BENWMSR,196081.389
MCCAY,186904.825
212281.3,23487.8659
212281.1,23487.8659
125008A,718352.846
PI_359775.1,285030.419
PI_359775.1,4843512.98
PI_359775.1,185191.208
PI_359775.1,1253925.8
143111A,8628948.54
4222007A,752323.65
MOORA,3788618.18
130351A,544230.134
130350B,1526537.64
SAWMTBORS.1,2885114.91
MT_COLE,2379410.13
MT_COLE,114216.064
ODSS_12030_STAMN.1,7020283.85
ODSS_12030_STAMN.1,118881.191
401571,136624.041
SAWMYPRS.1,2824432.46
296.1,504891.061
136023A,5740195.23
212205.3,3015580.78
212205.1,3015580.78
130304B,673232.756
ODSS_45533_WSLAHD.1,709471.122
sp-o10926,666904.292
132,455898.704
PI_14564.1,3233461.29
142801A,21206404.4
142801A,2776.60927
421189,1656420.02
421189,4089615.0
421189,3583211.03
421189,240139.004
229111A,261829.453
627.1,1710569.32
594.1,1069011.5
648.1,237549051.0
648.1,429166.397
508.1,1470063.65
742.1,22250470.1
416030,8482350.39
171.1,953422.107
294.1,3063062.95
136024A,17703138.9
71,2184647.38
122010A,40027073.1
PINE,6595862.01
141013A,143315.214
213240.1,387974.428
213240.1,150829.661
213240.1,50163.7583
213240.1,288979.82
213240.1,311063.79
213240.1,5002666.79
213240.3,387974.428
213240.3,150829.661
213240.3,50163.7583
213240.3,288979.82
213240.3,311063.79
213240.3,5002666.79
PI_427.1,520473.695
PI_427.1,250241.011
A4260902,2432358.56
A4260518,167689.361
A4260518,772933.963
A4260516,352421.66
A4260512,344296.793
580.1,1501932.91
658.1,7470294.87
562.1,8837379.7
ROCKLANDS,64520575.7
ROCKLANDS,193096.419
ROCKLANDS,146766.168
ROCKLANDS,362040.26
ROCKLANDS,660835.652
ROCKLANDS,106554.968
ROCKLANDS,1586618.07
532020A,54167952.9
532020A,65379.4395
NLUP.NLR3TK05,1873253.87
NLUP.NLR3TK05,503892.383
NLUP.NLR3TK05,366478.539
NLUP.NLR3TK05,308512.758
SRR3.SRR3TK01,1873253.87
SRR3.SRR3TK01,503892.383
SRR3.SRR3TK01,366478.539
SRR3.SRR3TK01,308512.758
HDR6.HDR6TK06,1873253.87
HDR6.HDR6TK06,503892.383
HDR6.HDR6TK06,366478.539
HDR6.HDR6TK06,308512.758
WRD1.WRD1DS01,1873253.87
WRD1.WRD1DS01,503892.383
WRD1.WRD1DS01,366478.539
WRD1.WRD1DS01,308512.758
HMD1.HMD1DS01,1873253.87
HMD1.HMD1DS01,503892.383
HMD1.HMD1DS01,366478.539
HMD1.HMD1DS01,308512.758
WDR24.WDR2TK04,1873253.87
WDR24.WDR2TK04,503892.383
WDR24.WDR2TK04,366478.539
WDR24.WDR2TK04,308512.758
NLST.NLR2TK06,1873253.87
NLST.NLR2TK06,503892.383
NLST.NLR2TK06,366478.539
NLST.NLR2TK06,308512.758
HBR4.HBR4TK01,1873253.87
HBR4.HBR4TK01,503892.383
HBR4.HBR4TK01,366478.539
HBR4.HBR4TK01,308512.758
LFSTE.LFSTE21,1873253.87
LFSTE.LFSTE21,503892.383
LFSTE.LFSTE21,366478.539
LFSTE.LFSTE21,308512.758
RBD1.RBD1DS01,1873253.87
RBD1.RBD1DS01,503892.383
RBD1.RBD1DS01,366478.539
RBD1.RBD1DS01,308512.758
LFR6.LFR6TK01,1873253.87
LFR6.LFR6TK01,503892.383
LFR6.LFR6TK01,366478.539
LFR6.LFR6TK01,308512.758
WR.WRSTK07,1873253.87
WR.WRSTK07,503892.383
WR.WRSTK07,366478.539
WR.WRSTK07,308512.758
CRR1T.CRR1TK01,1873253.87
CRR1T.CRR1TK01,503892.383
CRR1T.CRR1TK01,366478.539
CRR1T.CRR1TK01,308512.758
CSR9.CSR9TK09,1873253.87
CSR9.CSR9TK09,503892.383
CSR9.CSR9TK09,366478.539
CSR9.CSR9TK09,308512.758
LFR2.LFR2TK02,1873253.87
LFR2.LFR2TK02,503892.383
LFR2.LFR2TK02,366478.539
LFR2.LFR2TK02,308512.758
WDR2.WDR2TK01,1873253.87
WDR2.WDR2TK01,503892.383
WDR2.WDR2TK01,366478.539
WDR2.WDR2TK01,308512.758
GOD2.GOD2DS07,1873253.87
GOD2.GOD2DS07,503892.383
GOD2.GOD2DS07,366478.539
GOD2.GOD2DS07,308512.758
HDR2.HDR2TK01,1873253.87
HDR2.HDR2TK01,503892.383
HDR2.HDR2TK01,366478.539
HDR2.HDR2TK01,308512.758
NLD1DS.NLD1DS01LE01,1873253.87
NLD1DS.NLD1DS01LE01,503892.383
NLD1DS.NLD1DS01LE01,366478.539
NLD1DS.NLD1DS01LE01,308512.758
NLR1.NLR1TK01,1873253.87
NLR1.NLR1TK01,503892.383
NLR1.NLR1TK01,366478.539
NLR1.NLR1TK01,308512.758
FGD1.FGD1DS01,1873253.87
FGD1.FGD1DS01,503892.383
FGD1.FGD1DS01,366478.539
FGD1.FGD1DS01,308512.758
CSR5.CSR5TK04,1873253.87
CSR5.CSR5TK04,503892.383
CSR5.CSR5TK04,366478.539
CSR5.CSR5TK04,308512.758
GOD1.GOD1DS01,1873253.87
GOD1.GOD1DS01,503892.383
GOD1.GOD1DS01,366478.539
GOD1.GOD1DS01,308512.758
GOD3.GOD3DS09,1873253.87
GOD3.GOD3DS09,503892.383
GOD3.GOD3DS09,366478.539
GOD3.GOD3DS09,308512.758
HDR1.HDR1TK01,1873253.87
HDR1.HDR1TK01,503892.383
HDR1.HDR1TK01,366478.539
HDR1.HDR1TK01,308512.758
LFD1.LFD1DS01,1873253.87
LFD1.LFD1DS01,503892.383
LFD1.LFD1DS01,366478.539
LFD1.LFD1DS01,308512.758
LFR9.LFR9TK10,1873253.87
LFR9.LFR9TK10,503892.383
LFR9.LFR9TK10,366478.539
LFR9.LFR9TK10,308512.758
520.1,2336537.32
229405A,3397991.09
A5050516.1,3861093.4
419080,24239983.6
407334A,183248.791
229607A,4284887.27
ODSS_18326_WSLAHD.1,958326.495
SANDHURST,243463.347
ODSS_57568_WSLAHD.1,642109.317
PI_238185.1,12140352.3
143305A,41140027.1
PI_13881.1,58251.2157
PI_13881.1,8726812.77
SPRINGGULLY,441413.144
131.1,850279.1
131.1,29018263.2
131.1,850279.1
131.1,29018263.2
PI_321984.1,3191422.63
401569,1390.46491
401569,70545.4043
401569,2787113.04
228224A,3553630.24
418043,35626.8895
418043,390108.185
553.1,592407.403
553.1,311885.249
225256A,21240603.6
41010971,3219390.43
203042,120429.455
203042,148070.557
203042,1179888.49
158.1,1527520.05
158.1,1311309.56
158.1,482435.222
158.1,656147.645
170.1,3996164.2
170.1,1100139.68
410572A,16723258.9
410572A,811025.457
215212.3,577558.608
215212.3,1324584.74
215212.3,8624381.72
215212.1,577558.608
215212.1,1324584.74
215212.1,8624381.72
410543,137.591219
410543,1802.6398
410543,19936856.0
410543,864.230767
410543,143.721711
410543,78.1491122
410543,72.514069
410543,109.871038
130109A,676848.258
TAYLORS,4853573.62
TAYLORS,356605.382
TAYLORS,330508.755
125015A,10137843.6
145033A,367265.641
145033A,12080245.5
138008A,129235.966
110014A,546764.916
110014A,14500792.1
110014A,35170856.2
110014A,312506.295
110014A,69242.4673
110014A,16538.1666
110014A,668628.079
110014A,53564.4345
110014A,29096.5177
TOOLONDO,13511104.7
401565,1185007.8
sp-o11430,530027.73
sp-o11430,768546.186
sp-o11454,7336213.83
410545,376156.487
410545,145455.846
410542,37012.6157
410542,1430741.32
410542,52147.1571
212283.3,206190.818
212283.1,206190.818
UPPERCOLIBAN,3375580.66
RE604,500287.353
RE604,761161.127
RE604,532032.594
RE604,500287.353
RE604,761161.127
RE604,532032.594
RE604,500287.353
RE604,761161.127
RE604,532032.594
sp-o11534,56337552.7
229130A,1923128.02
190.1,2188108.0
295.1,88030.9926
421148,54957.8263
421148,104977.594
421148,358230.039
421148,779408.186
421148,12116.9894
421148,4783.09687
421148,20403750.2
421148,89367.2743
462.1,11974274.1
462.1,9183267.77
412010,38125208.3
141014A,713368.847
PI_321994.1,1553718.15
212243.3,71907880.4
212243.1,71907880.4
SAWWARRRS.1,750219.855
WARTOOK,8208525.67
1392,2971441.6
1392,29370988.6
1392,74689.9135
1392,1143503.57
1392,171564.532
1392,82999.342
1392,19376.557
1392,240754.587
PI_321995.1,169991.493
PI_321995.1,14656040.3
RE750,1704409.1
RE851,229483.175
233232A,1217631.9
212212.1,268394.453
212212.1,5514638.18
212212.3,268394.453
212212.3,5514638.18
143036A,109522671.0
143036A,1127.04767
143036A,1048124.79
213210.1,36911.8496
213210.1,43334.531
213210.1,3425727.24
213210.3,36911.8496
213210.3,43334.531
213210.3,3425727.24
PI_342931.1,2886480.18
RE704,5517113.26
136113A,14370383.0
229406A,4923370.1
229102A,7311507.79
138112A,4283537.25
sp-o10814,544156.802
sp-o10814,212898.498
sp-o10814,36692860.0
410791,261024.95
410791,140056.88
